-1.072450199998275400e+00 9.550455710486303040e-01 7.704720930150392721e-01 9.550455710486303040e-01 -2.126614871503472504e+00 -4.728823268052373407e-01 7.704720930150392721e-01 -4.728823268052373407e-01 5.128798852989532309e-01
-3.885526257290437546e-01 -1.093137270627866781e-01 5.075482058975659960e-01 -1.093137270627866781e-01 -5.231501615464488886e-01 -5.019960735351114423e-01 5.075482058975659960e-01 -5.019960735351114423e-01 1.303892641338677549e+00
-1.490032980151708930e+00 1.759960999367799761e-01 3.372009635456285626e-01 1.759960999367799761e-01 1.650706528751062052e+00 -3.329579847789797958e-02 3.372009635456285626e-01 -3.329579847789797958e-02 -7.724141412343187296e-01
6.856599828952785192e-01 6.884303511468711223e-01 5.758882120189390275e-01 6.884303511468711223e-01 -3.335287462459941565e-01 7.496522495076506365e-01 5.758882120189390275e-01 7.496522495076506365e-01 1.443939490225828903e+00
-5.673583357585542108e-01 -1.195944645998737732e+00 7.077389076982078253e-02 -1.195944645998737732e+00 8.692815533012320239e-01 -6.428912834901686635e-01 7.077389076982078253e-02 -6.428912834901686635e-01 -1.219059117900245015e+00
1.544512599002016984e-01 -1.298706912758584409e+00 -2.941649653719840551e-01 -1.298706912758584409e+00 -1.334491618330588547e-01 2.511692405537599981e-01 -2.941649653719840551e-01 2.511692405537599981e-01 -1.227813297761205513e+00
-2.140852841524228389e-01 -8.658742536134512724e-01 2.749236950807485425e-01 -8.658742536134512724e-01 1.744930761773935801e+00 3.247546389043229342e-01 2.749236950807485425e-01 3.247546389043229342e-01 -7.493672981044774417e-01
-1.382951787631323537e+00 2.983819254136185206e-01 5.108060310618252053e-01 2.983819254136185206e-01 2.864534524834710383e-01 -1.240917427528406503e+00 5.108060310618252053e-01 -1.240917427528406503e+00 1.296234121611843149e+00
1.022189301621461599e+00 1.050255653468141981e+00 -3.176399296499596292e-02 1.050255653468141981e+00 6.840487475631085168e-01 2.183867168606936915e-01 -3.176399296499596292e-02 2.183867168606936915e-01 6.322188382937713458e-01
1.503751834620018046e+00 -1.910859025602704986e-01 -1.380166554449169469e+00 -1.910859025602704986e-01 -2.324163974838315827e+00 2.336992910005969148e-01 -1.380166554449169469e+00 2.336992910005969148e-01 -1.670785470779017068e+00
6.650072816177257651e-02 7.399168949694314712e-01 -5.108764421238631837e-01 7.399168949694314712e-01 -2.483419004561044918e+00 -2.185988320783697689e-02 -5.108764421238631837e-01 -2.185988320783697689e-02 8.430386647669325662e-01
-1.222420916234336019e+00 4.508311792219851788e-01 1.692519681959541611e+00 4.508311792219851788e-01 -1.682005812115361654e-01 1.494742801086605954e+00 1.692519681959541611e+00 1.494742801086605954e+00 -8.758111571158530007e-01
-1.595631638004008979e+00 -7.316162800730184601e-02 3.652208734152125047e-02 -7.316162800730184601e-02 1.859571664326731266e+00 -2.805079455725527637e-01 3.652208734152125047e-02 -2.805079455725527637e-01 -1.099341536375290973e+00
8.189258520283114462e-02 1.423660013246921485e+00 1.421564555503065375e-01 1.423660013246921485e+00 1.919369593473666979e+00 -9.000598792974700002e-01 1.421564555503065375e-01 -9.000598792974700002e-01 -1.775476662535942565e-02
2.671673436233237275e-01 8.121119664150021622e-01 -1.248853911747350054e+00 8.121119664150021622e-01 -6.435550694528481552e-02 -9.172696826049054897e-01 -1.248853911747350054e+00 -9.172696826049054897e-01 4.726158858754814229e-01
-2.624141030838879729e+00 -9.738502748344775028e-01 -1.838459027451635752e-01 -9.738502748344775028e-01 -2.044089701425245043e+00 -5.201009657062748426e-01 -1.838459027451635752e-01 -5.201009657062748426e-01 -2.762834335953773812e-01
-5.062824424892456987e-01 1.282013659301794173e-01 1.909202823862073073e+00 1.282013659301794173e-01 -2.133350665362653553e-01 6.678457244257033354e-01 1.909202823862073073e+00 6.678457244257033354e-01 -1.702659140109215041e+00
1.011466855713193634e-02 -7.612182095850189567e-01 8.564644602556390485e-01 -7.612182095850189567e-01 -2.478593996324790272e+00 4.444252372840864496e-01 8.564644602556390485e-01 4.444252372840864496e-01 -2.471438573739198341e-01
-8.802113841698547825e-01 1.097498375065820486e+00 -9.282697764270667617e-01 1.097498375065820486e+00 1.962390163361724948e-01 -3.642845819312149902e-01 -9.282697764270667617e-01 -3.642845819312149902e-01 -1.113652309954154873e+00
2.785737476685955505e-01 6.635020576768317635e-02 -9.941272747157067768e-02 6.635020576768317635e-02 -4.300764145855446308e-01 -5.538346708867919466e-01 -9.941272747157067768e-02 -5.538346708867919466e-01 -1.935145091226363245e+00
-2.966061057279413937e+00 -4.878380133602721047e-01 -8.887134277449240671e-02 -4.878380133602721047e-01 -1.868066487819787513e-01 -3.611145975035861544e-01 -8.887134277449240671e-02 -3.611145975035861544e-01 -8.391714326350713238e-01
-9.002475547391196598e-01 3.696203225545183768e-01 9.527055682324625518e-01 3.696203225545183768e-01 3.247180022248543074e-01 -1.561889633381297937e+00 9.527055682324625518e-01 -1.561889633381297937e+00 9.082740749320679097e-01
-5.159249276331374645e-01 9.151190128306426752e-01 4.610605804280878406e-01 9.151190128306426752e-01 -2.070728815134327938e+00 1.721484201643414647e+00 4.610605804280878406e-01 1.721484201643414647e+00 4.920186121323938955e-01
-1.741158174955245441e-01 -1.184989509266121122e+00 -8.287344078316133400e-01 -1.184989509266121122e+00 -8.842792716426968180e-01 -9.484564332024283395e-01 -8.287344078316133400e-01 -9.484564332024283395e-01 1.791672147307683260e-01
-1.318610311012192726e+00 -1.066097295804485423e+00 -8.521721630953270343e-02 -1.066097295804485423e+00 1.833234562159822056e+00 -1.946191696861314657e-01 -8.521721630953270343e-02 -1.946191696861314657e-01 -1.113073633772372339e+00
8.796754986224643302e-02 -2.232468509065440032e-01 -1.024363112721345503e+00 -2.232468509065440032e-01 -5.012651225531650212e-01 1.249166319354753973e+00 -1.024363112721345503e+00 1.249166319354753973e+00 2.385843775625764648e-02
-2.705425878247347260e-01 3.807378412513974242e-01 -3.151645066355598934e-01 3.807378412513974242e-01 1.138374618627917556e+00 8.052215636199417936e-01 -3.151645066355598934e-01 8.052215636199417936e-01 3.749279146667978679e-01
5.363507036578051279e-01 -1.427381989105755422e-01 -6.508950416584160514e-01 -1.427381989105755422e-01 -2.886647740572739207e-01 -4.254637730673880291e-01 -6.508950416584160514e-01 -4.254637730673880291e-01 -1.933003484299103292e+00
