-1.038894041468780394e+00 1.666678883039253711e-01 1.356100024313045660e+00 1.666678883039253711e-01 -1.992168419943777802e-01 -5.519215439145105373e-01 1.356100024313045660e+00 -5.519215439145105373e-01 -4.335073767636418718e-01
-9.229181052908842775e-02 9.850871424520114827e-02 6.804518146975003789e-01 9.850871424520114827e-02 2.628687451265023234e-01 -3.893610016641804727e-01 6.804518146975003789e-01 -3.893610016641804727e-01 7.951587038179068756e-01
-3.600870302448598848e-01 -2.531979900056174348e-01 -7.208641331164425958e-01 -2.531979900056174348e-01 -1.624641547011262732e+00 3.986181728076972353e-01 -7.208641331164425958e-01 3.986181728076972353e-01 -2.542434226357356497e+00
2.541402204125594033e-01 3.728119811303342024e-01 -4.876219109377149391e-02 3.728119811303342024e-01 -2.429755027676062384e-01 -9.086886843261008373e-01 -4.876219109377149391e-02 -9.086886843261008373e-01 -1.076914543971350557e+00
1.171153453608858364e+00 -7.835778586537127666e-01 1.687510897899239734e-02 -7.835778586537127666e-01 1.026118041745595955e+00 -5.849896589421974546e-01 1.687510897899239734e-02 -5.849896589421974546e-01 -3.784102203302433520e-02
5.438729199419862353e-02 -5.169244044631844670e-02 -3.547685347605133432e-01 -5.169244044631844670e-02 -1.294398512070733975e+00 -4.402489007634464158e-01 -3.547685347605133432e-01 -4.402489007634464158e-01 -2.375120904578525982e-01
-6.271674413165502227e-01 -1.069118133338397003e-01 5.125424234933011469e-01 -1.069118133338397003e-01 1.699259864281324750e-01 -4.351260773174516205e-01 5.125424234933011469e-01 -4.351260773174516205e-01 -1.583647502507388838e+00
-1.010843752488935099e+00 8.096510901596292165e-01 9.889178628804162763e-01 8.096510901596292165e-01 -4.180345166854430583e-01 6.442052757074507863e-01 9.889178628804162763e-01 6.442052757074507863e-01 4.412561067170342466e-02
-3.809360191612000679e-01 -5.395210734955673271e-01 -6.436652520389147814e-01 -5.395210734955673271e-01 -1.384548529231838243e+00 4.027698517404071921e-01 -6.436652520389147814e-01 4.027698517404071921e-01 1.453067483178551722e-01
-3.177955589040904472e-01 -3.833233015960329504e-01 2.739750379781239475e-01 -3.833233015960329504e-01 -1.187017196484708048e+00 1.348836030934151387e+00 2.739750379781239475e-01 1.348836030934151387e+00 4.727746791460938902e-01
-6.112217932610758409e-01 -1.025014566085162143e-01 -3.014184644076129405e-01 -1.025014566085162143e-01 -1.775155935573163202e+00 -1.721001173579560506e-01 -3.014184644076129405e-01 -1.721001173579560506e-01 -9.786837974905699955e-01
-1.755381903632844687e-01 -4.127362723979542958e-01 -8.490470809213136461e-01 -4.127362723979542958e-01 5.110024939100251684e-01 -6.649143827278761743e-01 -8.490470809213136461e-01 -6.649143827278761743e-01 -1.406481524730862853e+00
8.200664478695917081e-01 3.358967327375844136e-01 -9.596640184594389389e-01 3.358967327375844136e-01 -9.793640926119988599e-01 -4.787630638941016703e-01 -9.596640184594389389e-01 -4.787630638941016703e-01 -8.623565417090611751e-01
-2.347451867925485769e-01 6.799985284739347158e-01 7.902572513885903760e-01 6.799985284739347158e-01 8.933752343197691459e-02 2.938074403253059571e-03 7.902572513885903760e-01 2.938074403253059571e-03 1.359533789674452660e-02
-4.548799176011162348e-01 5.729420760133520085e-01 1.084344049893856798e+00 5.729420760133520085e-01 -1.401755370881006650e-02 -2.240455413806119803e-02 1.084344049893856798e+00 -2.240455413806119803e-02 -8.585644352412958868e-01
8.411471534885752721e-01 -4.946822679644532483e-01 4.600395742048155601e-01 -4.946822679644532483e-01 -1.536852413589940951e-03 4.713372725432595778e-01 4.600395742048155601e-01 4.713372725432595778e-01 -1.801317931481170254e+00
1.094022980094812247e+00 4.436602972075347207e-02 1.108374644994923053e-01 4.436602972075347207e-02 -1.216176138930083583e+00 -4.645755655486278890e-01 1.108374644994923053e-01 -4.645755655486278890e-01 -4.261864163475915790e-01
-1.240399228516921165e-01 -2.696765170786669108e-01 -7.337738273825329394e-01 -2.696765170786669108e-01 -1.738172818202989856e+00 1.519759455129673642e-01 -7.337738273825329394e-01 1.519759455129673642e-01 2.537203066398481810e-01
4.350938291491122656e-01 -3.321700207195877885e-01 -1.297554131755544349e+00 -3.321700207195877885e-01 -9.955717062793257854e-01 1.783370723287768245e-01 -1.297554131755544349e+00 1.783370723287768245e-01 -4.283729919854756818e-01
6.908795145821451378e-01 8.631791736365479473e-01 -3.513798332386570134e-01 8.631791736365479473e-01 -9.867601981634744890e-01 1.528186230365430887e-01 -3.513798332386570134e-01 1.528186230365430887e-01 -5.185330639814612619e-01
-1.863581768002315897e+00 -1.645406839408768973e-01 -2.596643141098498586e-01 -1.645406839408768973e-01 -5.402913574545452624e-01 5.028070721041120184e-01 -2.596643141098498586e-01 5.028070721041120184e-01 -9.736119477174653980e-01
-8.815130394051937657e-01 -5.823208235602728156e-01 -6.393754818463884826e-01 -5.823208235602728156e-01 -1.842352913491042798e+00 -2.360600050332013061e-02 -6.393754818463884826e-01 -2.360600050332013061e-02 2.472614513108182532e-01
-9.765557098436610239e-01 -5.118370041864420683e-01 -8.058823005190213218e-01 -5.118370041864420683e-01 8.783536265276834995e-03 -2.989867425969993664e-01 -8.058823005190213218e-01 -2.989867425969993664e-01 -9.917705048460958572e-01
1.340954249448292002e+00 2.768144092435084191e-01 -8.454272463350731570e-01 2.768144092435084191e-01 -6.748305112297325881e-01 7.277360006826011363e-01 -8.454272463350731570e-01 7.277360006826011363e-01 6.032915489225502137e-01
-7.057797589660441684e-01 -9.279701017888532244e-02 -7.737727166742293383e-04 -9.279701017888532244e-02 -8.790738749621626047e-01 1.100632426701917188e+00 -7.737727166742293383e-04 1.100632426701917188e+00 -1.112963806576010128e+00
-9.060690196605338809e-01 -3.513778320544961309e-01 1.024176147493142341e+00 -3.513778320544961309e-01 1.705525379892074700e-01 1.411425806015438877e-01 1.024176147493142341e+00 1.411425806015438877e-01 -1.727686225647714624e-01
5.802513100935594026e-02 4.985846844683492485e-01 -6.296769088662986791e-01 4.985846844683492485e-01 -4.568890180543517809e-01 4.804673587632454779e-01 -6.296769088662986791e-01 4.804673587632454779e-01 -4.406470069096476427e-01
-2.029021544399893351e+00 5.206731541785357686e-01 -8.044634638485043121e-02 5.206731541785357686e-01 2.433515649829899041e-01 6.291429706755410356e-01 -8.044634638485043121e-02 6.291429706755410356e-01 -5.385056170269238995e-01
-1.308312099338282408e-01 -4.457543705550102153e-01 -6.848668876795178662e-01 -4.457543705550102153e-01 -1.531963575636656749e+00 -1.401890659171491915e-01 -6.848668876795178662e-01 -1.401890659171491915e-01 -1.203492529527645072e+00
5.144341286353802944e-01 6.880936131014193657e-01 4.251674168720751545e-01 6.880936131014193657e-01 4.002596431062817040e-01 1.662050423543389721e-01 4.251674168720751545e-01 1.662050423543389721e-01 -1.344992913877742780e+00
