-1.538439410335041557e-01 1.022618506405602035e-01 8.940392312407207109e-01 1.022618506405602035e-01 -5.457473599347952842e-01 -2.066290981340688782e-01 8.940392312407207109e-01 -2.066290981340688782e-01 2.729489664976520458e-01
5.693855560638554358e-01 4.410917188631637287e-01 -5.135487073565049229e-03 4.410917188631637287e-01 -2.875873539026747860e-02 -9.686463082157235061e-01 -5.135487073565049229e-03 -9.686463082157235061e-01 -5.048651293270176588e-01
-4.538889513366557438e-01 -3.874190607459763180e-01 1.855509625122938600e-01 -3.874190607459763180e-01 1.092642228094864665e+00 -6.676897547690191503e-01 1.855509625122938600e-01 -6.676897547690191503e-01 -1.120320558534471322e+00
-6.355742726043599466e-01 4.129892905151351656e-01 4.397841420151967773e-01 4.129892905151351656e-01 -1.127843689336717636e+00 5.786335394692514872e-03 4.397841420151967773e-01 5.786335394692514872e-03 -3.204684451008403268e-01
-5.826399710887746330e-01 -2.459071367326176039e-01 6.926248307459027531e-01 -2.459071367326176039e-01 4.152676777647596462e-01 1.985512835979091339e-01 6.926248307459027531e-01 1.985512835979091339e-01 -5.684512111572546100e-01
8.567030063510264748e-01 1.070313211260877882e-02 -4.398177904764192792e-01 1.070313211260877882e-02 -7.029659992321513062e-01 -4.665723054396553882e-01 -4.398177904764192792e-01 -4.665723054396553882e-01 9.196606933922145677e-01
-1.464944987387375663e+00 2.220540935011733608e-01 5.320923100486275592e-01 2.220540935011733608e-01 -1.144259901950589464e+00 7.164151924755766121e-01 5.320923100486275592e-01 7.164151924755766121e-01 -7.871849345576502621e-01
1.336451568688092895e+00 -5.125249924780417299e-01 -3.794556957353500404e-01 -5.125249924780417299e-01 -2.615005814395920392e-01 -5.832180683830276990e-01 -3.794556957353500404e-01 -5.832180683830276990e-01 -7.491549501437576586e-01
-8.405310697823091814e-01 -5.477291245311084467e-01 -7.203141200288810664e-01 -5.477291245311084467e-01 -7.564964327835029811e-01 9.099577749249003755e-01 -7.203141200288810664e-01 9.099577749249003755e-01 -1.008972884521378788e+00
-2.209748458619039124e-01 6.421417248512567566e-02 -2.586356093517269139e-01 6.421417248512567566e-02 -1.925123577063242164e-01 -6.671331473504232834e-01 -2.586356093517269139e-01 -6.671331473504232834e-01 -8.464123192063683909e-01
-1.105451480805893727e+00 -4.862566705021028057e-01 7.174314095322295026e-01 -4.862566705021028057e-01 -9.588934380860444362e-01 -6.224548872757827978e-01 7.174314095322295026e-01 -6.224548872757827978e-01 -1.058579024889966247e+00
-4.165285347754021233e-02 -5.166030901503518846e-01 -8.361560658311764094e-01 -5.166030901503518846e-01 -5.848732534985234127e-02 8.148568956928158302e-01 -8.361560658311764094e-01 8.148568956928158302e-01 6.632415818975522237e-01
8.753738541166863341e-01 5.139233352051170156e-01 -6.228966134953360934e-01 5.139233352051170156e-01 -1.742675581615590608e-01 5.134748996911601138e-01 -6.228966134953360934e-01 5.134748996911601138e-01 -3.553515947651650353e-01
-1.314236505393497623e-01 -5.733772906718802576e-01 -6.010398535041627799e-01 -5.733772906718802576e-01 -4.240861851728157383e-02 -4.512104122023093411e-01 -6.010398535041627799e-01 -4.512104122023093411e-01 -1.380540267261700205e+00
9.094118843493066429e-01 -5.892784750539485916e-01 -9.179397411871993429e-01 -5.892784750539485916e-01 -8.232071505652964749e-01 -4.735170330917649051e-01 -9.179397411871993429e-01 -4.735170330917649051e-01 -2.222834046796836605e-01
4.890284664190044372e-01 2.793602106868197169e-02 1.359190875160705803e+00 2.793602106868197169e-02 1.517231776489602169e+00 5.709608993174368763e-01 1.359190875160705803e+00 5.709608993174368763e-01 -3.889325957314585663e-02
-9.323147348100123688e-01 -6.918192430149034955e-01 7.081559538429080813e-01 -6.918192430149034955e-01 -9.528116068292824536e-01 6.839560428568783323e-02 7.081559538429080813e-01 6.839560428568783323e-02 -1.244124783110649446e+00
-6.508259195866743507e-01 1.673523182259815667e-01 2.013636576796761501e-01 1.673523182259815667e-01 -1.082188509449294900e+00 -1.038954606475828157e+00 2.013636576796761501e-01 -1.038954606475828157e+00 4.282530521097111520e-01
-1.278105338859409468e+00 4.279546562122196751e-01 7.028228365857557003e-02 4.279546562122196751e-01 -1.171887469186109199e+00 3.559611230906321033e-01 7.028228365857557003e-02 3.559611230906321033e-01 1.222504362861031257e+00
1.493125351630736897e-01 -9.389739275611848068e-01 5.478484775371895293e-02 -9.389739275611848068e-01 -1.128233706040819989e-01 9.668263142555438838e-01 5.478484775371895293e-02 9.668263142555438838e-01 -1.645759760121249249e-01
-1.756820853124475335e+00 -1.637114480822957074e-01 1.219507801485114756e-01 -1.637114480822957074e-01 -7.916270630791568674e-01 4.447583616133754525e-02 1.219507801485114756e-01 4.447583616133754525e-02 1.068996717325209067e+00
-1.403799710252333632e-01 1.543558600310884488e-01 -7.271599505879672298e-01 1.543558600310884488e-01 6.737410832949910500e-01 3.412185562015583318e-01 -7.271599505879672298e-01 3.412185562015583318e-01 -5.869871060599139989e-01
3.045374078401343887e-01 -4.239263020285746753e-01 7.173548215509003567e-01 -4.239263020285746753e-01 5.822602294569775155e-02 1.767210635004936303e-01 7.173548215509003567e-01 1.767210635004936303e-01 -6.076064017596067846e-01
1.488051855064328466e-01 -1.072097674790750410e-01 -4.344992438595254858e-01 -1.072097674790750410e-01 -1.241420871529107961e+00 -6.067273363608619574e-01 -4.344992438595254858e-01 -6.067273363608619574e-01 -1.543499844875355409e+00
-1.298377369007667870e+00 5.910133194336895102e-01 2.592561712159703879e-01 5.910133194336895102e-01 -4.860180712762070532e-01 4.972862335375504705e-01 2.592561712159703879e-01 4.972862335375504705e-01 -1.362492574169055004e+00
3.385043691425925205e-01 9.650692614909397449e-01 -1.266637862094242228e+00 9.650692614909397449e-01 -3.833137770405027622e-02 -1.402609035607237098e-02 -1.266637862094242228e+00 -1.402609035607237098e-02 -1.524857310041161762e+00
1.183858296798028648e-02 -6.256642474135116760e-01 -2.731150827374400625e-01 -6.256642474135116760e-01 -8.180544036979163769e-01 1.795700169664369017e-01 -2.731150827374400625e-01 1.795700169664369017e-01 -9.605893401090014327e-01
6.231782885329610888e-01 1.718891669967505809e-01 -2.726281102759275377e-01 1.718891669967505809e-01 -2.367099692131230670e-01 3.887700947362656700e-01 -2.726281102759275377e-01 3.887700947362656700e-01 -1.438362879723852350e+00
-8.071501718804174885e-01 -2.045772439458382400e-02 2.997366852657471492e-01 -2.045772439458382400e-02 -6.241156463896789797e-01 -9.478746463765150843e-01 2.997366852657471492e-01 -9.478746463765150843e-01 -1.470476560144046152e+00
2.332369867203269997e-01 3.868198102518642933e-01 -1.686006944507452143e-01 3.868198102518642933e-01 -1.817733476971850060e+00 4.115553243898343871e-01 -1.686006944507452143e-01 4.115553243898343871e-01 8.770474985142664437e-01
